	17217459
	15458645
 200
 100
	17217459
	17209125
	14745029
	19392685
	19392685
	19392685
	19392685
	18591352
	18591352
	18178669
	18178669
	19060218
	18786002
	16367964
	17655650
	17655650
	7704045
	7743935
 0.
	7743935
 0.
	7743935
	15743450
	15743450
 15
	19666544
	16278345
	17485080
	16740662
 24
	17081979
	17081979
	18024560
	18849491
 66%
 92%
 21%
 1%
	15618487
 50%
	16481625
	18643985
	18643975
	18612100
	17270011
	17270011
	16460513
	16460513
 2,
	16210544
	16286448
	18485060
 2,
 2,
 100u
	18178669
	19060218
	16377756
	15659631
	15659631
	15659631
 90
	15659631
 2-
	15659631
	15659631
 90
	15659631
 2-
	15659631
	15659631
 90
	15659631
 2-
	15659631
 90
	15659631
 2-
	15659631
 90
	15659631
 2-
	15659631
 90
	15659631
 2-
	15659631
	16461383
 2,
	16461383
	18950478
 0.
 60
	16623892
	12244233
	12244233
	17307927
	17307927
	17496893
	17496893
 50%
	17318317
	18394997
	18394997
	19081078
	15155880
	16357038
	16357038
 10
	16357038
	16357038
	11479382
	11479382
	16361392
 15%
 30%
	16361392
	15155880
	17363254
	17363254
	17363254
	16361392
	20110319
	19210750
 48
	12244265
 28C
 28C
 22C
 28C
 28C
	16098103
	15548601
 100
 25%
	19004800
	17922773
	8819871
	15031265
	19037657
	19201913
	15031265
	18780802
 75%
 35%
 60%
 30%
 75%
 25%
 10%
	15710401
	20197506
	20197506
 4.
	17535918
 4.
	17535918
 4.
	17535918
	17220200
	17220200
	21441406
	17435085
	17189341
	17189341
	16339310
	17369435
	19304937
 50%
	19304937
	19304937
	18643985
	17960244
 25
	17031512
	18809930
	18809930
	30-
 1)
 2)
 3)
	17028967
	16460509
	16460509
	16460509
	19146828
	19146828
	16514016
	20215588
	7704045
	7704045
	7704045
	7704045
 10
	17369372
 43
 42%
 0.
 2,
	19043666
 2,
	19043666
	16359390
	21441406
	7867930
	7867930
	7867930
	17419840
	17419840
 60%
	19309460
	17426032
	17355438
	17355438
	18849491
 1:
	18408046
	18835563
	16463096
 10
	16367966
 50
	16367966
 30
	16367966
 10
	16367966
 50
	16367966
 30
	16367966
	12419184
	12419184
	16500990
 10m
	16500990
	16500990
 26S
	11826296
	17693533
	17693533
	19135895
	18363780
	20487379
	18503769
	12953110
	20498340
	17062755
	19074290
 1c
	17062755
	17461783
	18612100
 1%
 14
 1%
	17601829
	16227434
	18394997
	18394997
	18394997
	18394997
	18394997
 31
	17059404
	17059404
 21
 31
 9.
	17059404
	18451323
	17257168
	17257168
	17257168
	19223001
	19223001
	35S
 35S
 35S
	16412086
	17081979
	14871314
	17630277
	17461780
	19081078
	20197506
	16400151
	16400151
	16460513
	16460513
	15053761
	15053761
	16357038
	16357038
 10
	16357038
	16357038
	11479382
	11479382
 15%
 30%
	16361392
	16361392
	16361392
	11479382
	11479382
	16753566
	11234017
	12410813
	15053761
	12410813
	20110319
	11114883
	11114883
	11114883
	15053761
	15053761
	15053761
	15053761
	15053761
	15053761
	15053761
	15053761
	16357038
	16357038
	16357038
 10
	16357038
	16357038
 5-
	16357038
	9210330
	16813575
	16829587
	14615593
	15084720
	15084720
	15155883
	18808455
	18808455
	17337631
	17337631
	18429939
	9425146
	9425146
	9425146
	9425146
	17873093
	16582010
 40%
	20097871
 4C
 20%
	17346262
	7743935
	16927206
	16326925
	16339850
	17363254
	17363254
	18723577
	17363254
	14675533
	14675533
 5-
	14675533
	14675533
	17307926
 10%
 20%
 35%
 70%
	18003916
 20%
 25%
 80%
 75%
	18003916
	11408654
	11408654
	17307926
	17626058
	17626058
	17626058
	17626058
	17626058
	17626058
	17410378
	15539473
	16804053
	18839316
	20971704
	12215519
	17655650
	17655650
	18390806
	9367981
	20110319
 80%
 25%
	15753038
	20110319
	16514016
	18643975
	17881564
 5-
	12526807
	16326925
	15486104
	7704045
	15486104
	15486104
	15486104
	15486104
	15486104
	15486104
	15486104
	15486104
	15486104
	15486104
	15486104
	15486104
	15486104
	15486104
	15486104
	15486104
	15486104
	15486104
	15486104
	7704045
	15486104
	17693533
	18839316
	18839316
	17559518
	17971042
	21791601
	17971042
 3%
 0.
 50u
	9582125
 3%
 0.
 50u
	9582125
 3%
 0.
 50u
	9582125
 25
 46%
 90%
 1B
	17031512
 1.
 3.
 35S
	17662035
	17360591
	17259263
 7-
	17259263
	19832943
	19832943
	19484493
	16434475
 0.
 171
 104
 65%
 1.
 0.
	17329565
	17329565
	17329565
	16854978
	16845477
	16845477
	16636050
	16636050
	15258265
	18247047
 50%
	17557805
	17557807
 50%
	17557805
	17557807
 10-
 30%
 120
 0.
 1%
	16243904
 25%
	18156217
 10-
 30%
 120
 0.
 1%
	16243904
 10-
 30%
 120
 0.
 1%
	16243904
	21074051
	17216483
 2-
	17586653
	17672843
	9550721
	17194763
	17194763
 74%
	17194763
	17194763
 29C
	17259265
	16384909
	20215588
 2,
 2,
	17277896
 2,
 2,
	17277896
 2,
 2,
	17277896
 2,
 2,
	17277896
 2,
 2,
	17277896
	18403411
	12172022
	12172022
 7-
 1%
	18948541
	18660433
	17220200
 6d
	17220200
 14
 14
 22
 32%
 29%
	18467465
 29%
	18467465
 50%
	17259262
 50%
	17259262
	17513503
 22
 16
 29
	14660546
 22
	17513503
 22
 16
 29
	14660546
 22
 16
 29
	14660546
 22
 16
 29
	14660546
 22
 16
 29
	14660546
	17158604
 29
 22
	17513503
	17600715
	17600715
	15908600
	16514016
	16460509
	16460509
	16460509
	21800258
	21800258
	21800258
	21800258
	16384909
	17363254
	18723577
	16682350
	19304937
 15%
	19304937
	19304937
	16682350
	19969521
	9165126
	15454085
	15454085
	17960244
	20122158
	21471118
	21471118
 10
	17369372
	16525894
	16367964
	21494323
	21494323
	17062755
	19074290
 1c
	17062755
	17363254
	17363254
 1c
	17062755
	19392710
	14500984
	14500984
	16399800
	19168677
 25
	17031512
 1/
	15894620
	15894620
	15894620
 60%
	17557807
 80%
 60%
	17557807
 80%
	21791601
	16015335
 10%
 10%
 40%
 44%
 72%
 7-
 71%
 33%
	17257168
	17257168
	14526079
	18281505
	17435085
 42-
 2%
 40%
 10
 2%
 40%
 10
	16636050
	16636050
	16636050
	16227452
	16227452
	19563437
 100u
	18753286
 100u
	18753286
 100u
	18753286
	16045474
	16045474
	16045474
	18948541
	18948541
	15923324
	15923324
	16698945
 10%
	15604708
	9436980
	17194763
 74%
	17194763
	17194763
	17194763
	17062755
	19074290
 1c
	17062755
	17363254
	17363254
 1c
	17062755
	18653891
	18923018
	20215588
	17257168
	17257168
	17257168
	17194763
	18725356
 2.
 2,
 2,
	18725356
	18725356
	18725356
	18725356
	18725356
	17435085
	19216774
	12417304
	20197506
	16679457
	11862947
	17213228
	15743450
	18643975
	9165747
	18798873
	18394997
	18394997
	18394997
	18394997
 250
 10
	16415212
 25
	17031512
 0.
	19705149
	17600715
	17600715
	19168677
	19168677
 15-
	18718934
	18718934
	18718934
	19135895
	15073153
	15073153
 26S
 26S
 20S
 20S
 26S
	17971041
	12690200
	12690200
	17081979
	16442857
	17316176
	16113228
 14
	18723577
	16463096
	16517762
	16517762
	16517762
	16517762
	16517762
	17583510
	16176989
	16176989
 16
	14522871
 28
 22
 22
 28
 4,
 28
	16407439
	16407439
	18559960
	15863698
	17931347
	17360695
 24
 29
	16763149
	18408158
	17878303
	17878302
 100u
	18753286
 100u
	18753286
 100u
	18753286
	16236150
	17227548
	17227548
 22
	16766694
 15%
 12
	17785527
 15%
 12
	17785527
	18363780
 0.
	17533512
 10%
 0.
 0.
 20%
 100%
 10
	20647342
	16942608
	16942608
	8431946
	18363780
	8431946
	8431946
	8431946
	8431946
	15272001
	15272001
	15978034
	21800258
	21800258
	21800258
	21800258
 32C
	17012601
 32C
	17012601
	20230485
 15%
	19304937
 20%
	19304937
	19304937
	18643975
	16815950
	17960244
	17960244
	9367981
 30
 1.
	9367981
	18065688
	9367981
	9367981
	9367981
 30
 1.
	9367981
 34%
	17158604
	17485080
	17513503
	17485080
	17513503
 2-
	17586653
	19506555
	18643975
	8643469
	17630277
	17062755
	19074290
 1c
	17062755
	17363254
	17363254
 1c
	17062755
 35S
 4x
 84
 46-
 2.
	17662035
	18808455
 50%
	17458634
	18178669
 49%
	17458634
	18178669
	19060218
	19060218
 77%
	17458634
 90
	15659631
 2-
	15659631
	15659631
 90
	15659631
 2-
	15659631
	15659631
 90
	15659631
 2-
	15659631
 90
	15659631
 2-
	15659631
 90
	15659631
 2-
	15659631
 90
	15659631
 2-
	15659631
 2,
 2,
 2,
	16461383
 2,
	16461383
 2,
	9342863
	9342863
 2,
	9342863
	9342863
 2,
	9342863
	9342863
	15659631
	17257168
 10%
 10%
 40%
 44%
 72%
 7-
 71%
 33%
	17257168
	15208393
 1/
	15894620
	15894620
	15894620
	19234066
	16463096
	14675533
	14675533
 5-
	14675533
	14675533
	17307926
	17376158
 74%
	17194763
	17194763
	17194763
	17194763
	17319849
	16183846
	15155880
	16357038
	16357038
 10
	16357038
	16357038
	11479382
	11479382
	15155880
	15166290
	16361392
 15%
 30%
	16361392
	16361392
	20110319
	17257168
	17257168
	17257168
 5-
 5O
	18768907
	9210330
	16359384
 1%
	18178669
	19060218
	19060218
	18326829
	18326829
	7770517
	7770517
	7770517
	7770517
	18494853
	15908599
	15908599
 38
 70
 90%
	17672841
 38
 70
 90%
	17672841
 10&
	10911994
 10&
	10911994
	8819871
	18039663
	19168677
	19168677
	18356490
	18356490
	18356490
	18356490
	10817761
	18403411
	19392692
	18614708
	17257168
	17257168
	17257168
	15863435
	14675453
	14675453
	14675453
	14675453
	17873088
	17873088
 250
 10
	16415212
 25%
 41)
	17540573
	20609115
	17237350
	17322407
	17237350
	17237350
	17237350
	17237350
	17237350
	17237350
	17237350
	17237350
	17237350
	17237350
	17237350
	17322407
	10887093
	21599977
	19168677
	19168677
	19392710
	17600715
	17600715
 0.
	11063705
	22.
 314)
 314)
	20405311
	17496122
	15894620
	15894620
 1/
	15894620
	15894620
	15894620
	7743935
 0.
	7743935
	15849274
	16176989
	15937229
	18281505
	19915089
	19915089
	16567499
	17878303
	17878302
 0.
	7743935
	7743935
	17540573
	15863435
	16227434
 0.
	11063705
 0.
	11063705
	15860005
 42-
	18281505
	7743935
 0.
	7743935
	15863435
	15863435
	15863435
	15863435
	15863435
	15863435
	7743935
 3-
	16443695
 3-
	16443695
 3-
	16443695
 3-
	16443695
	17651372
	16258013
	9210330
